00000   10097 32533  76520 13586  34673 54876  80959 09117  39292 74945
00001   37542 04805  64894 74296  24805 24037  20636 10402  00822 91665
00002   08422 68953  19645 09303  23209 02560  15953 34764  35080 33606
00003   99019 02529  09376 70715  38311 31165  88676 74397  04436 27659
00004   12807 99970  80157 36147  64032 36653  98951 16877  12171 76833
00005   66065 74717  34072 76850  36697 36170  65813 39885  11199 29170
00006   31060 10805  45571 82406  35303 42614  86799 07439  23403 09732
00007   85269 77602  02051 65692  68665 74818  73053 85247  18623 88579
00008   63573 32135  05325 47048  90553 57548  28468 28709  83491 25624
00009   73796 45753  03529 64778  35808 34282  60935 20344  35273 88435
00010   98520 17767  14905 68607  22109 40558  60970 93433  50500 73998
00011   11805 05431  39808 27732  50725 68248  29405 24201  52775 67851
00012   83452 99634  06288 98083  13746 70078  18475 40610  68711 77817
00013   88685 40200  86507 58401  36766 67951  90364 76493  29609 11062
00014   99594 67